id;x_px;y_px;x_cm;y_cm;color_b;color_g;color_r
j1;
0;217;217;12.45;12.45;216;234;227
1;255;255;14.57;14.58;208;226;219
2;294;295;16.82;16.87;197;217;209
3;334;336;18.59;18.70;182;207;199
4;379;381;21.67;21.80;100;101;100
j2;
0;217;218;12.13;12.19;222;235;221
j3;
0;217;219;12.35;12.44;222;234;219
1;255;256;14.49;14.54;214;227;210
2;295;295;16.75;16.76;205;217;199
3;335;337;19.02;19.12;192;207;188
4;379;382;21.54;21.66;102;99;93
0;218;218;12.36;12.40;220;234;219
j_client_proto;
3;332;328;18.87;18.61;189;213;196
2;290;288;16.46;16.38;204;227;206
0;214;213;12.14;12.12;238;244;231
1;250;249;14.22;14.13;222;237;217
